//Program data file
8c020000	//lw, r2, 0
0
0
0
8c030001	//lw, r3, 1
0
0
0
0043081a	//div r1, r2, r3
0
0
0
00232018	//mul r4, r1, r3
0
0
0
00442822	//sub r5, r2, r4
0
0
0
ac050002	//sw r5, 2
0
0
0
f0000000
0
0
0
f0000000
0
0
0
f0000000
0
0
0
f0000000
0
0
0
f0000000
0
0
0
f0000000
0
0
0
f0000000
0
0
0
f0000000
0
0
0
f0000000
0
0
0
f0000000
0
0
0
f0000000
0
0
0
f0000000
0
0
0
f0000000
0
0
0
f0000000
0
0
0
f0000000
0
0
0
f0000000
0
0
0
f0000000
0
0
0
f0000000
0
0
0
f0000000
0
0
0
f0000000
0
0
0
f0000000
0
0
0
f0000000
0
0
0
f0000000
0
0
0
f0000000
0
0
0
f0000000
0
0
0
f0000000
0
0
0
f0000000
0
0
0
f0000000
0
0
0
f0000000
0
0
0
f0000000
0
0
0
f0000000
0
0
0
f0000000
0
0
0
f0000000
0
0
0
f0000000
0
0
0
f0000000
0
0
0
f0000000
0
0
0
f0000000
0
0
0
f0000000
0
0
0
f0000000
0
0
0
f0000000
0
0
0
f0000000
0
0
0
f0000000
0
0
0
f0000000
0
0
0
f0000000
0
0
0
f0000000
0
0
0
f0000000
0
0
0
f0000000
0
0
0
f0000000
0
0
0
f0000000
0
0
0
f0000000
0
0
0
f0000000
0
0
0
f0000000
0
0
0
f0000000
0
0
0
f0000000
0
0
0
f0000000
0
0
0
f0000000
0
0
0
f0000000
0
0
0
f0000000
0
0
0